800
5150 3920
-2528 -3774
5572 2462
4576 -9074
-688 5744
-1638 -4986
-7554 6010
7568 -2184
5790 -5084
64 -7950
-120 -4378
8360 -4
2938 2506
7900 1530
-7690 3990
-3070 -7500
7280 -7382
1022 6968
7650 -8608
8024 4284
8556 3844
-4400 -4980
-2016 4744
8564 -5418
9848 -7870
-4898 9252
7378 10
360 -8764
-9522 -9484
-2156 -8754
2290 -9996
-9832 -2844
9312 8920
1680 -1380
374 -9584
-5496 -1528
-3808 4722
-40 9652
8650 5576
-3472 7080
9166 -3080
6506 -1098
-2238 9126
-2104 9128
7128 -1002
-6060 6168
7440 -128
-3318 2306
7454 9656
-7732 4610
-4256 7480
-790 786
-3680 -1468
-2822 -6112
1000 -4544
3430 -2954
-606 5020
2660 -9372
6288 1410
-878 1490
2800 1800
7794 720
8740 -6122
4148 2820
7004 3430
-328 3860
-6208 -4722
2130 8596
-3814 630
-7048 -8972
2032 -6124
6360 2352
4830 -8760
-452 7536
-6666 1520
7780 -4060
-6072 6528
-6906 8104
4148 4028
-5554 9912
3002 8186
-8612 -3498
-2518 -2272
-280 8260
-8740 8480
-6548 -4034
6750 9332
-5250 -7718
4676 -6930
-8500 1714
-6600 -6944
-9824 1184
2420 5266
-1826 286
8680 -8180
-3082 -7928
-9232 -9074
-5650 4422
-6792 -4256
6264 6672
-8400 8300
2724 4694
-2564 1882
5578 946
-3344 3400
-3050 -8620
-7574 2480
6332 5032
3620 -2598
1728 -4440
-7272 -3564
-8278 -6594
7216 6134
2538 -7598
5240 3758
-9526 -1820
-7256 -9132
1080 -5376
6386 -6864
-4204 -300
3134 2834
1864 -950
-80 -1810
-2248 -6176
2710 9396
-6504 -6570
-4724 -3334
7216 1724
5280 5538
-5930 1244
7950 -5638
-7056 -2870
8016 -942
-3720 8462
-9320 -3360
-8572 -7164
6388 2980
-3480 -2944
5616 -3564
-3150 3604
8272 4128
54 -3120
4548 -6138
-938 -5842
-5488 172
2232 3918
-5840 -6990
-2110 -9014
-2448 -8472
5480 -8308
9074 6608
-3712 -4400
-5368 -2976
6380 9416
344 9070
9600 -5780
-3520 5240
-1896 -8036
-9138 6614
5280 -4330
-5736 5224
5236 -5848
5808 -4030
-8748 -4996
5718 8640
2972 -968
-6488 -4196
-2704 -7164
-1494 4736
-7664 -3590
-8788 -1442
-7000 -8794
7232 9802
-8080 4542
-150 -7664
5972 7930
-7644 -8736
-700 -6968
-5510 2604
1312 -4378
5068 -6020
-5680 -6624
1450 1972
8140 -9034
-5776 4562
-4824 6256
-3038 3440
9684 -4696
-3220 -1230
-9308 -4940
-3584 8144
6148 8576
3126 4456
2546 -9660
-4880 -5532
9340 -3536
-3116 -344
-7800 2064
-3998 2140
5386 9996
6000 2120
-7510 -3630
-3050 6060
128 -2172
-2992 9058
-2950 9980
1706 -700
-7408 28
-1264 -6662
3590 -1192
-546 8034
-8634 -2910
9568 -3864
2480 2924
-2730 -7640
9424 -7604
-2430 4
-6818 84
3640 -4750
-5104 -8410
5184 -9118
5874 8110
-7540 -170
9260 -724
-6964 -312
8528 -3728
1532 4830
-5582 -146
8948 2242
-6990 8170
-524 -6300
-634 2496
3808 5312
-5868 -2608
8010 600
3080 -3998
-3186 -3602
7660 5218
456 -8978
4080 -6120
-9806 1810
9036 2176
-1544 6210
496 -10000
6240 -2330
-1742 4332
-8720 2008
-6250 -6316
-4808 8880
-6350 -2500
-9296 -5520
6896 3736
-2000 -1454
-7782 1756
-3278 7358
-6016 -150
6642 8736
-1762 118
-9386 5802
6672 -7328
5512 -1360
304 -8482
9024 -2578
7198 -6632
7600 5710
220 2836
6180 -1948
-2894 -9858
6344 3154
-4038 -9790
-668 -5718
576 4640
-2084 2194
8914 -248
6572 -5736
-8224 -2890
-8646 -620
7024 -9182
830 6024
5776 -7684
4434 5000
-2252 -5626
-8716 -2674
1394 1904
-6880 -9898
3974 -6524
-5656 9474
-9450 8482
1184 8560
8000 -5496
5372 -6160
-8500 2870
-9114 4410
4624 -3208
8736 6640
1384 9094
9792 -6164
-748 4908
5698 -1634
1636 6370
-8860 6552
6800 -3620
-8176 4578
-512 -7090
-5974 -8818
1694 5504
-356 -8498
-2032 -7870
-3386 8674
2832 1618
644 -9000
5628 -236
2414 2400
-3888 -4062
-8688 7480
-5642 -5074
-9282 2728
-4336 2152
3320 8298
-1638 2260
-2000 9230
3240 4820
-146 -5252
-3472 -4190
-2604 6026
702 9878
3904 -9274
4932 -9954
2536 -9484
8744 -9600
-9784 -3050
-7824 5632
-3784 7890
1370 -7310
-1804 -2332
626 4904
-3808 1114
-5030 -3270
6020 3750
-2352 -7104
6358 -7828
6994 -6878
-5758 -5200
-2198 -2942
6230 -8368
7732 2244
-640 -1242
-4524 7040
2910 -5840
-3200 -6720
1496 5424
5356 -1240
9860 5590
-9360 7230
8376 2226
-8904 6896
-3754 7262
-6784 9920
-600 -2272
2598 -5520
4112 4112
-2820 -7858
-1220 -3754
-6486 3000
948 -3096
-6126 1472
3744 7748
9000 -1124
-2644 -5602
-4688 8568
7176 -5212
592 -7196
-7042 1408
-1254 9710
-3380 -8630
-2108 -3856
-1326 -6640
2864 -5174
-966 3854
6970 -890
-3152 4700
-8680 -5012
-4794 240
5222 4894
254 6634
2552 -2714
-3880 -8152
-4314 3266
-8176 3580
432 -6400
4178 -424
6400 3870
-8200 -3800
9360 8566
2160 -3202
5474 9446
1696 -9186
6700 7546
7822 -9752
4700 -6150
8500 9836
2760 -6534
-8472 -3888
6250 5682
1216 -6580
1064 -8154
-9204 -4690
-600 -8392
3242 -320
-1028 4840
-2620 -5290
184 -2700
6784 -4426
-196 5584
-9196 -1420
2532 9088
584 -6234
1074 7686
8100 7688
1994 9604
-1690 -3170
9010 1616
8312 6444
-5498 3708
-1584 -7936
3956 2266
-4394 4796
-3960 6128
3300 -3132
6432 3274
-2102 3914
9744 -9990
-1660 1348
-422 2036
8356 4620
-5580 6530
9062 7170
6950 -7136
6960 -970
-3552 -1988
-9850 -3776
-3702 -8236
5016 -3690
846 -1300
-5664 1754
744 -3304
-8400 -480
-6130 -936
6478 -9188
-7416 8000
-2646 6096
-2936 -7506
2784 4608
1400 2504
-9762 7870
5598 -4496
-1450 -2296
-6800 734
-3020 -5140
-8980 8850
-4206 -5214
3160 -1110
-6606 5504
64 9164
7900 2730
6320 5200
-5736 8010
-3900 -2114
-2348 -4694
-5950 6864
-5522 -3142
-438 -2678
2660 6672
-8390 1562
9100 -2820
2450 -192
2214 -7524
24 -176
-8628 -2920
-4472 4868
4680 -6224
6944 -7872
8038 -1444
2090 9710
1424 -5648
-5924 1124
1880 -4874
274 4366
1986 -6344
-1168 -3574
6298 9468
3622 2238
6800 -6114
8160 3120
-8404 -2820
398 110
-2324 5162
7798 6288
-9250 -1400
-2686 3460
-4572 9226
-1356 4272
-7084 -8302
3624 -6400
-8934 9856
6600 6784
-4360 4450
-7200 -8124
-258 2010
-5832 -294
-2430 -7614
8374 1634
-5280 6742
-9204 -9220
-5456 1588
2024 -9944
-700 -3254
-1808 2724
-6466 -7674
-5850 466
8780 9024
464 5520
6024 -7038
2220 -9610
-1620 -5656
6444 -5316
5742 -2374
3370 4916
3080 378
-2560 3044
3208 -5064
6826 -7432
7236 8992
738 -2160
7416 520
5240 2410
-9568 -7150
-4390 7712
5070 -6334
9200 7168
5618 -1874
7880 -5070
4800 -4340
-352 5508
2530 1890
1576 -4600
5816 5184
-2304 2420
4420 9578
2646 8176
-6076 1324
-2740 -3094
8992 3062
7850 9784
-6346 -2638
-4560 -1956
752 6712
-2940 7724
2600 -1360
8340 3664
6028 1560
-5338 -4300
-6272 7936
-8742 -1200
1410 -7024
3730 -3244
9066 200
-1080 188
-2020 -7500
-2080 -8998
-6084 -9430
7832 8460
910 -4134
5096 -7760
-1648 48
-7954 -5714
918 6108
2672 -1616
-5868 -6534
-2654 -6500
-9584 -4390
-7800 8960
9016 3716
-5812 464
-7076 9348
5108 9934
4940 -9390
7974 -1196
3482 7458
672 1684
1874 -160
5732 3674
-1816 334
874 -4250
-9854 -9826
-1488 -7852
-7594 -9794
4756 5154
-1516 9222
-9324 -5372
5052 4912
-1416 -1056
-6480 2482
8688 -8460
-7222 348
-3874 3626
-4992 3488
-2918 -6990
5278 -100
-2132 -5468
3800 -2798
-9122 4542
102 2226
2320 7824
-5662 -5128
9868 9318
-1712 1624
-2366 9070
7778 -2608
-4490 -1716
-8696 7096
7344 -7996
-9720 7494
8560 -7040
-440 -6826
9380 8460
-8796 -9004
3892 -8394
7420 -3114
-6364 -7394
-3720 -8300
6670 -198
8994 3844
-6644 1430
2242 -4620
-8302 -9308
-5854 -6728
-5200 -9570
-4832 -2184
7402 -32
8244 788
3970 4924
1672 -6100
-6740 -8728
536 -7028
-306 -4540
-7792 592
-4900 2760
-3516 5282
1852 -9750
6742 -4702
-3622 7250
8096 3656
936 6150
2928 7626
-6352 314
-3400 1500
498 7574
4244 -720
-4074 -380
-8200 732
-4496 510
2964 -4810
9708 3908
8874 6354
1558 -9832
5960 2600
8560 -8484
-5840 2892
-6280 5034
800 -4424
434 1000
-8354 -1040
2684 -5734
3980 -7216
-448 626
-4614 3200
4956 5984
-98 -5610
-1940 -678
1536 -6878
-816 -6612
-4912 -6696
802 6470
5228 -9120
-5850 -116
8800 -7160
-3384 7226
3448 4080
5680 8540
-1856 -7306
-5436 700
-3700 9120
720 -6456
-1648 5040
-4764 -4920
-9320 -2050
7922 8616
4112 1760
6606 -8860
3574 756
6338 -4930
594 -6628
-9474 -328
-8902 -9550
5080 9080
-1602 804
-4534 2882
-7220 5984
8914 34
1216 880
8456 5930
-5696 -5420
60 -6564
-3724 5040
-4034 7440
-874 -1230
1178 -9454
9376 308
9582 9852
-4632 -5732
-6434 -9562
934 -3452
-3728 -3504
-2910 -2420
9712 -1872
-9604 -1132
-4480 5384
9428 -742
1674 -2922
8964 7240
2628 -5084
7500 9326
1852 2032
-2448 -984
-9016 4384
-8508 1196
-1394 1396
-9200 504
4998 8894
2282 4520
-6130 5016
4352 4970
-5994 -1064
-3432 3546
-2560 836
-1272 254
-6542 -9360
6434 -5448
-9348 1750
2072 -4214
6944 -120
8900 -4600
5992 -1780
4848 -7582
3294 -6620
-4570 3432
8084 200
-6000 -6874
5000 -9776
-566 7922
-8640 2678
-6782 -5426
-6320 -2640
-680 1200
3524 -6950
-6376 5466
-7370 -7000
-910 3472
3470 3932
-3786 3374
-4094 3346
-5450 7224
8800 -2886
-2144 -2584
7294 1504
4948 -2954
-626 2210
-3830 -8540
6488 7364
5100 252
-5180 -5718
2794 4696
3270 7110
7222 7732
-2642 1184
-9584 9968
-7918 -3762
5712 9280
-1632 -448
2070 -6192
3174 9560
6946 -8406
6324 -5068
-2198 4630
4720 -2406
-9480 4660
6522 8332
300 -4746
8050 6472
